SM:2023-02-03T14:20:53.4133422Z
LM:2023-02-03T14:20:53.7841245Z
CT:image/png
MA:604800
CL:12076
