SM:2023-02-02T16:04:29.9890300Z
LM:2023-02-03T14:11:47.7704043Z
CT:image/jpeg
MA:604800
CL:36072
