SM:2023-02-03T08:58:21.8183006Z
LM:2023-02-03T14:11:47.6831159Z
CT:image/jpeg
MA:604800
CL:21290
