SM:2023-02-03T14:20:48.6290573Z
LM:2023-02-03T19:09:16.6356253Z
CT:image/png
MA:604800
CL:14912
