SM:2023-02-02T16:04:29.9890300Z
LM:2023-02-02T16:04:30.7168835Z
CT:image/jpeg
MA:604800
CL:36115
