SM:2023-02-03T14:39:00.2097291Z
LM:2023-02-03T19:09:16.4218699Z
CT:image/jpeg
MA:604800
CL:52314
