SM:2023-02-03T12:09:35.3952373Z
LM:2023-02-03T14:11:47.6897107Z
CT:image/jpeg
MA:604800
CL:78913
