SM:2023-02-03T12:08:24.0010118Z
LM:2023-02-03T14:11:47.6850403Z
CT:image/jpeg
MA:604800
CL:36783
