SM:2023-02-03T12:08:58.6210569Z
LM:2023-02-03T12:08:58.9454104Z
CT:image/jpeg
MA:604800
CL:58016
